,size,f1_all,highest_f1_score,combi
0,386943,"[0.2460647214517724, 0.21316806470639116, 0.22816177210860442, 0.24232944459024666, 0.20820165143331001, 0.25526598066033346, 0.22209899144359677, 0.18920233469821554, 0.19912555843212823, 0.19977465805219827, 0.17916543775683383, 0.21271119412228515, 0.18830989768487594, 0.20247757016651816, 0.18323941401657537, 0.18388851363664538, 0.19244067322513644, 0.1789221003635643, 0.18842125454358846, 0.23548558377061193, 0.1833507708752879, 0.21689652724073916, 0.21251215075914337, 0.1989935778975712]",0.25526598066033346,"[('Medizin', 0), ('Ernährung', 1), ('Umweltwissenschaften', 2), ('Landwirtschaft', 3)]"
1,376943,"[0.20588427891212996, 0.225863729431201, 0.19586092510513975, 0.2115834113820321, 0.2211379270515705, 0.21688096280939184, 0.2107999833844382, 0.23077943390350922, 0.227203674921077, 0.19908394390477863, 0.2524806768675077, 0.2043814953321383, 0.19702438157804458, 0.21274686785493688, 0.22345142692167358, 0.19533169590537522, 0.23444811081893538, 0.1906058935257447, 0.22614400609143243, 0.22188704184925376, 0.2525710514350614, 0.20447186989969207, 0.23829073338589254, 0.19444851609270186]",0.2525710514350614,"[('Ernährung', 0), ('Landwirtschaft', 1), ('Medizin', 2), ('Umweltwissenschaften', 3)]"
2,366943,"[0.15603609384795492, 0.21062186594849439, 0.17616285138543647, 0.20126014991846145, 0.21358426451572926, 0.1840957909482147, 0.17761612743697022, 0.2322018995375097, 0.20358488319357906, 0.19122621551738128, 0.24100629632387185, 0.17406185654713463, 0.22736979476697453, 0.2524670932999995, 0.23321179298610178, 0.220853125309904, 0.2612714900863616, 0.2238155238771389, 0.23137988160837877, 0.20189140804086425, 0.23722187982750603, 0.1702774400507688, 0.2278601637974731, 0.19040419758825036]",0.2612714900863616,"[('Umweltwissenschaften', 0), ('Ernährung', 1), ('Medizin', 2), ('Landwirtschaft', 3)]"
3,356943,"[0.2401939094241375, 0.23212993535778043, 0.26907110822936275, 0.24731356702063645, 0.22125598927426562, 0.2075624221318964, 0.18124802650146457, 0.1731840524351075, 0.23214363090567353, 0.2239474344593229, 0.1843285119505764, 0.18419628957058287, 0.18210422515081945, 0.16034668394209314, 0.20412263074980316, 0.19592643430345255, 0.17149114345756208, 0.18505248821993775, 0.1951140083029666, 0.1814204411605974, 0.2171324139019503, 0.21700019152195674, 0.23231604556480637, 0.245877390327182]",0.26907110822936275,"[('Medizin', 0), ('Umweltwissenschaften', 1), ('Landwirtschaft', 2), ('Ernährung', 3)]"
4,346943,"[0.20798304826037883, 0.2204211588138781, 0.21034962078664746, 0.21327235578327697, 0.2160582029095588, 0.20654282735268897, 0.23114155806728753, 0.2435796686207868, 0.2001430289495767, 0.21211052065546473, 0.20585161107248803, 0.2053809922248768, 0.2306455333001083, 0.23356826829673782, 0.19728043165612882, 0.2092479233620169, 0.19584021074843902, 0.20488496745769755, 0.23104996356563884, 0.22153458800876902, 0.19768486192165938, 0.1972142430740481, 0.1905360588910582, 0.19958081560031676]",0.2435796686207868,"[('Landwirtschaft', 0), ('Medizin', 1), ('Ernährung', 2), ('Umweltwissenschaften', 3)]"
5,336943,"[0.19320791034448123, 0.1764130523272312, 0.21244115512486672, 0.21328639529451254, 0.16485839187377005, 0.18249849006066593, 0.1941422394931792, 0.17734738147592916, 0.23432833603146697, 0.2628978055590511, 0.18674557278037032, 0.2321099003252045, 0.21253525634490775, 0.2133804965145536, 0.2334881081028101, 0.2620575776303943, 0.22277868781899482, 0.25050291717693307, 0.1704154053993233, 0.1880555035862192, 0.1913682571572256, 0.2367325847020598, 0.22824160012450695, 0.2559658294824453]",0.2628978055590511,"[('Landwirtschaft', 0), ('Umweltwissenschaften', 1), ('Ernährung', 2), ('Medizin', 3)]"
6,326943,"[0.17824975051912603, 0.18443515156814638, 0.17498141325336253, 0.188533729958646, 0.21217324718384784, 0.219540162840111, 0.2540311271269372, 0.2602165281759576, 0.19550033792797064, 0.19738288583663213, 0.23269217185845595, 0.22838931871809712, 0.2497899532303288, 0.26334226993561227, 0.1945275012971257, 0.1964100492057872, 0.23581791361811066, 0.22414814482148868, 0.24168687897036156, 0.2490537946266247, 0.18642442703715847, 0.18212157389679964, 0.19052300542765813, 0.17885323663103614]",0.26334226993561227,"[('Umweltwissenschaften', 0), ('Medizin', 1), ('Ernährung', 2), ('Landwirtschaft', 3)]"
7,316943,"[0.2088194479574126, 0.22824469131129535, 0.2261307841628852, 0.21415158585065294, 0.22055341588206268, 0.18914897421594773, 0.18803674780671814, 0.20746199116060085, 0.22580500218927232, 0.22577715738616647, 0.2202276339084498, 0.20077454575146117, 0.21879643955079178, 0.20681724123855955, 0.2392533577278734, 0.23922551292476754, 0.2195828839864085, 0.23153423749553487, 0.21255300758569487, 0.18114856591957992, 0.2330099257627765, 0.21355683760578792, 0.2189168203021341, 0.23086817381126049]",0.2392533577278734,"[('Umweltwissenschaften', 0), ('Landwirtschaft', 1), ('Medizin', 2), ('Ernährung', 3)]"
8,306943,"[0.1785171211358181, 0.20763821102990562, 0.20038867546710828, 0.21622646323171912, 0.20517638069082847, 0.1918930785613518, 0.21317038957637635, 0.24229147947046387, 0.23421994141284191, 0.23641513345469925, 0.23900764663656215, 0.21208174878433192, 0.18965987320873495, 0.20549766097334576, 0.18883787071391037, 0.19103306275576765, 0.20221382813944405, 0.1885712324166905, 0.21978632678438745, 0.20650302465491074, 0.21896432428956286, 0.19203842643733263, 0.22755257649137636, 0.21390998076862278]",0.24229147947046387,"[('Landwirtschaft', 0), ('Medizin', 1), ('Ernährung', 2), ('Umweltwissenschaften', 3)]"
9,296943,"[0.2089617769589964, 0.2042094897082658, 0.20069051984652045, 0.19550082371813113, 0.18373779610720536, 0.18330038722954667, 0.21981988707820965, 0.21506759982747906, 0.2202592975715457, 0.24988541957644417, 0.2033065738322306, 0.2376849830878597, 0.196342116331916, 0.1911524202035267, 0.205052783937728, 0.23467890594262647, 0.17939139420827827, 0.21420721234156606, 0.19250641648791372, 0.19206900761025503, 0.2012170840937257, 0.2355954933493548, 0.19250841810359104, 0.22732423623687883]",0.24988541957644417,"[('Landwirtschaft', 0), ('Umweltwissenschaften', 1), ('Ernährung', 2), ('Medizin', 3)]"
10,286943,"[0.2069728508456217, 0.21600244018277073, 0.21862543807988183, 0.21925922389728328, 0.21426001655854743, 0.20586421303879984, 0.19627709475898647, 0.20530668409613556, 0.22782512894878562, 0.22580293133565107, 0.22345970742745125, 0.2124079204771676, 0.19820474568089474, 0.19883853149829628, 0.21810019263643382, 0.21607799502329922, 0.21699155482961197, 0.21433557139907586, 0.19824687975697586, 0.18985107623722827, 0.21814232671251488, 0.20709053976223127, 0.2213991104270274, 0.21874312699649137]",0.22782512894878562,"[('Landwirtschaft', 0), ('Umweltwissenschaften', 1), ('Medizin', 2), ('Ernährung', 3)]"
11,276943,"[0.18796712510784402, 0.17536315028788624, 0.18479573502699345, 0.17596227837811615, 0.1795385287073478, 0.18330904687842825, 0.23469555293620548, 0.22209157811624766, 0.24067532598610963, 0.21054912061394773, 0.23541811966646395, 0.21789588911425986, 0.23231943398776994, 0.22348597733889258, 0.2414705971185247, 0.2113443917463628, 0.23681251888910887, 0.21551977016582433, 0.20437896265297453, 0.208149480824055, 0.21353012578372926, 0.19600789523152518, 0.21412925387395915, 0.1928365051506746]",0.2414705971185247,"[('Umweltwissenschaften', 0), ('Landwirtschaft', 1), ('Medizin', 2), ('Ernährung', 3)]"
12,266943,"[0.19624357767259212, 0.2143154216132781, 0.22113935575424512, 0.22548865494768655, 0.20961440285087407, 0.19589185810362952, 0.19753976288259545, 0.21561160682328143, 0.21230880208619768, 0.21581416102419637, 0.20078384918282663, 0.18621736418013937, 0.2305712673902457, 0.23492056658368712, 0.22044452851219493, 0.22394988745019365, 0.22009280894323233, 0.21924886868778962, 0.2149359122411297, 0.20121336749388516, 0.20480917336307897, 0.19024268836039165, 0.21598240669748742, 0.21513846644204468]",0.23492056658368712,"[('Umweltwissenschaften', 0), ('Medizin', 1), ('Ernährung', 2), ('Landwirtschaft', 3)]"
13,256943,"[0.18516873588499655, 0.18006701275706521, 0.21086819612332686, 0.2071903619306878, 0.1565306892669458, 0.15795457820223802, 0.18520435311784916, 0.18010262998991783, 0.23567085307260544, 0.25521921783139545, 0.18133334621622438, 0.20598343410294567, 0.2275025117852731, 0.22382467759263397, 0.25226955150169905, 0.271817916260489, 0.22505539381894052, 0.2482815927703696, 0.16807860052720724, 0.1695024894624995, 0.19284564024363324, 0.2174957281303546, 0.2199689894172558, 0.24319518836868484]",0.271817916260489,"[('Umweltwissenschaften', 0), ('Landwirtschaft', 1), ('Ernährung', 2), ('Medizin', 3)]"
14,246943,"[0.23001725660928649, 0.2232933738679209, 0.25127185579904326, 0.23390119904029913, 0.24849644353819855, 0.2378496695208201, 0.20469982944841444, 0.19797594670704882, 0.2101378489305734, 0.20172111965562142, 0.20736243666972876, 0.20566959013614236, 0.2117230565121341, 0.19435239975339005, 0.19590647680453632, 0.18748974752958436, 0.20373888971606993, 0.21269281719986202, 0.22253298077335495, 0.2118862067559765, 0.20671640106575723, 0.20502355453217083, 0.21732422623813544, 0.22627815372192756]",0.25127185579904326,"[('Medizin', 0), ('Umweltwissenschaften', 1), ('Landwirtschaft', 2), ('Ernährung', 3)]"
15,236943,"[0.2280452838517423, 0.22852937713340965, 0.23481236986063667, 0.2388136798204458, 0.2499045557926523, 0.253421772470794, 0.20922156199829486, 0.20970565527996224, 0.1772507069020825, 0.2119623967544743, 0.19234289283409808, 0.22657048940482255, 0.19676117418950848, 0.2007624841493176, 0.15802323308440175, 0.1927349229367936, 0.18339972170345342, 0.2141101015960362, 0.23010045328780662, 0.23361766996594832, 0.1913625121826998, 0.22559010875342428, 0.20164681486973593, 0.23235719476231864]",0.253421772470794,"[('Medizin', 0), ('Ernährung', 1), ('Umweltwissenschaften', 2), ('Landwirtschaft', 3)]"
16,226943,"[0.20454575394571475, 0.17675311640816613, 0.2047468194058771, 0.17241622130275575, 0.19504133678444904, 0.1905033762188763, 0.2089784504847824, 0.1811858129472338, 0.20693519402770338, 0.23883643743528868, 0.19722971140627532, 0.25692359235140927, 0.22733818904619968, 0.1950075909430783, 0.22509386712895826, 0.25699511053654356, 0.21105148940211982, 0.27528333091282653, 0.20112508376283011, 0.19658712319725738, 0.19888076184558875, 0.2585746427907227, 0.19454386674017837, 0.25877570825088503]",0.27528333091282653,"[('Umweltwissenschaften', 0), ('Ernährung', 1), ('Landwirtschaft', 2), ('Medizin', 3)]"
17,216943,"[0.19643294765607114, 0.19290430113457074, 0.19777665670120598, 0.18037754109472984, 0.19563313204334687, 0.18176266295837115, 0.19145506830996947, 0.1879264217884691, 0.19067747800234114, 0.194399678505499, 0.18853395334448203, 0.19578480036914028, 0.24578820285563777, 0.22838908724916165, 0.2436669035028746, 0.24738910400603245, 0.22899661880517463, 0.25011793491480855, 0.2268291612597309, 0.21295869217475516, 0.22470786190696773, 0.23195870893162598, 0.21218110186712683, 0.23330241797676082]",0.25011793491480855,"[('Umweltwissenschaften', 0), ('Ernährung', 1), ('Landwirtschaft', 2), ('Medizin', 3)]"
18,206943,"[0.23573194651489252, 0.269750899019166, 0.24230493347488666, 0.254780551216753, 0.25067731358678375, 0.2291339788243766, 0.18644058187836332, 0.22045953438263682, 0.2173966946539826, 0.20508659033489285, 0.22576907476587962, 0.17944001794251638, 0.17075159410593868, 0.18322721184780508, 0.1951347199215638, 0.18282461560247404, 0.18853675223104793, 0.16375103017009174, 0.20855811507654817, 0.1870147803141411, 0.2329412408921733, 0.18661218406881006, 0.21797089308976036, 0.19318517102880423]",0.269750899019166,"[('Medizin', 0), ('Landwirtschaft', 1), ('Ernährung', 2), ('Umweltwissenschaften', 3)]"
19,196943,"[0.21376546514560335, 0.23289279899259366, 0.22462410521094878, 0.2168123330450962, 0.24478597412819106, 0.2178468681153482, 0.19588336744814355, 0.21501070129513392, 0.19273235564757363, 0.1919687116519864, 0.2128942245648159, 0.19300324672223837, 0.21093513471496741, 0.20312336254911487, 0.19692548284905206, 0.19616183885346478, 0.20100688581879692, 0.20805501398906218, 0.22468082415562451, 0.19774171814278163, 0.21067117228970914, 0.19078019444713157, 0.1945907063422117, 0.201638834512477]",0.24478597412819106,"[('Medizin', 0), ('Ernährung', 1), ('Landwirtschaft', 2), ('Umweltwissenschaften', 3)]"
20,186943,"[0.21981632961353523, 0.20513186867909194, 0.20604769346633311, 0.18799115071695754, 0.18711100585367316, 0.18373892403874087, 0.2433500357101632, 0.22866557477571992, 0.2242830408342271, 0.2196916088674301, 0.20534635322156713, 0.21543938218921338, 0.21993488041769038, 0.20187833766831484, 0.2146365216889564, 0.2100450897221594, 0.178559116114162, 0.19202422689674062, 0.21384782169545855, 0.21047573988052626, 0.20854946296672455, 0.2186424919343708, 0.19140874500459015, 0.2048738557871687]",0.2433500357101632,"[('Landwirtschaft', 0), ('Medizin', 1), ('Umweltwissenschaften', 2), ('Ernährung', 3)]"
21,176943,"[0.2394080608334528, 0.24478734125992732, 0.2176811989848207, 0.22012065286047547, 0.23092985047270476, 0.22799002392188508, 0.1886393189119078, 0.19401859933838228, 0.17886224137101003, 0.17434138961061602, 0.19211089285889407, 0.1822107606720256, 0.20608780902169094, 0.20852726289734574, 0.21803759332942527, 0.21351674156903128, 0.20661955641785754, 0.19965925078180877, 0.22310209616453808, 0.22016226961371838, 0.23505188047227238, 0.2251517482854039, 0.2103851920728206, 0.2034248864367718]",0.24478734125992732,"[('Medizin', 0), ('Landwirtschaft', 1), ('Ernährung', 2), ('Umweltwissenschaften', 3)]"
22,166943,"[0.21727876235641727, 0.21321377540304115, 0.18745409722577475, 0.18097151160320346, 0.19862773816158605, 0.1962101394923909, 0.21568018282370338, 0.21161519587032726, 0.20470545049991867, 0.2051788835141896, 0.21587909143573006, 0.22041751140337704, 0.2079668001959238, 0.20148421457335255, 0.22681673300278168, 0.22729016601705257, 0.20574811013875532, 0.21270412877559747, 0.21425680675313147, 0.2118392080839363, 0.2331067395599893, 0.23764515952763632, 0.20086447576015162, 0.20782049439699374]",0.23764515952763632,"[('Ernährung', 0), ('Landwirtschaft', 1), ('Umweltwissenschaften', 2), ('Medizin', 3)]"
23,156943,"[0.2266181637241463, 0.20844986755926748, 0.2066146955593779, 0.21949155335427958, 0.20364001571683302, 0.23468516967661354, 0.23426161568066745, 0.2160933195157886, 0.2121025243864227, 0.2102126934829827, 0.20912784454387778, 0.22540630980531665, 0.21153853652519128, 0.224415394320093, 0.20938291339571494, 0.20749308249227494, 0.21744991934818217, 0.20268323064984045, 0.2032642246373888, 0.23430937859716935, 0.2011086015079125, 0.2173870667693513, 0.2121502873029246, 0.19738359860458288]",0.23468516967661354,"[('Medizin', 0), ('Ernährung', 1), ('Umweltwissenschaften', 2), ('Landwirtschaft', 3)]"
24,146943,"[0.21496587236870895, 0.23542493555517163, 0.20453710699361424, 0.22220792137193413, 0.2116206850065372, 0.20883243619839437, 0.2246760441776872, 0.24513510736414992, 0.22461648764572537, 0.22574787404792984, 0.23170006565864834, 0.21237238887439008, 0.2064737716627359, 0.22414458604105578, 0.21684298050586878, 0.21797436690807323, 0.2107095443355542, 0.1941701163594388, 0.21521889637590566, 0.2124306475677628, 0.22558810521903858, 0.20626042843478035, 0.212371091035801, 0.1958316630596856]",0.24513510736414992,"[('Landwirtschaft', 0), ('Medizin', 1), ('Ernährung', 2), ('Umweltwissenschaften', 3)]"
25,136943,"[0.1906959863593673, 0.19653184962835293, 0.23247274618973343, 0.19927071731187923, 0.22055925887195446, 0.1815213667251146, 0.2198826923373637, 0.22571855560634937, 0.22924212704662156, 0.2069971512483682, 0.2173286397288426, 0.18924780066160357, 0.24429544651564045, 0.21109341763778627, 0.21187812139453216, 0.18963314559627875, 0.20270350176027946, 0.2136605548398803, 0.23211431922230644, 0.1930764270754666, 0.19969699410119815, 0.1716161550339591, 0.20243586178472442, 0.21339291486432527]",0.24429544651564045,"[('Umweltwissenschaften', 0), ('Medizin', 1), ('Landwirtschaft', 2), ('Ernährung', 3)]"
26,126943,"[0.20317660386572298, 0.20052122832151492, 0.1879544196156962, 0.20247807351242952, 0.18976534063654302, 0.20694437007748437, 0.20664818399783869, 0.20399280845363066, 0.2462357792752908, 0.21579735558053725, 0.24804670029613768, 0.22026365214559213, 0.193015801515304, 0.20753945541203736, 0.24782558104278293, 0.21738715734802938, 0.25159334725454435, 0.20663126966305748, 0.17845881429238747, 0.19563784373332882, 0.23326859381986637, 0.20548554566932087, 0.23522543901078097, 0.1902633614192941]",0.25159334725454435,"[('Umweltwissenschaften', 0), ('Ernährung', 1), ('Medizin', 2), ('Landwirtschaft', 3)]"
27,116943,"[0.23234945616937405, 0.2326174061272098, 0.2167395761121998, 0.19986669439848045, 0.23615207227449025, 0.2190112406029352, 0.21401450617827866, 0.2142824561361144, 0.2039103924917599, 0.2057349721805536, 0.22332288865405037, 0.22487951838500828, 0.18275219761508632, 0.16587931590136698, 0.1882579639857418, 0.19008254367453545, 0.17491974841930294, 0.1936172098218159, 0.21546259400269666, 0.1983217623311416, 0.22096836037335216, 0.22252499010431007, 0.18821764864462287, 0.20691511004713578]",0.23615207227449025,"[('Medizin', 0), ('Ernährung', 1), ('Landwirtschaft', 2), ('Umweltwissenschaften', 3)]"
28,106943,"[0.2064520509601067, 0.21885663249089427, 0.1936915925120324, 0.2090913663688183, 0.22399609287856176, 0.22699128520456016, 0.24022892001173785, 0.2526335015425254, 0.1915260205501155, 0.19156763390573137, 0.2218305209166449, 0.20946755274147316, 0.23391546213104533, 0.24931523598783126, 0.19797302111749726, 0.1980146344731131, 0.21851225536195074, 0.20315409486078065, 0.25065424121175695, 0.2536494335377554, 0.2147118001982089, 0.2023488320230372, 0.204946534076133, 0.18958837357496292]",0.2536494335377554,"[('Ernährung', 0), ('Medizin', 1), ('Umweltwissenschaften', 2), ('Landwirtschaft', 3)]"
29,96943,"[0.2410366747487261, 0.26458019212047706, 0.2153203814870804, 0.2223300611295614, 0.24140527914984594, 0.224871441420576, 0.1818093474318704, 0.20535286480362142, 0.18643033526749875, 0.1843452154777843, 0.21251523293026428, 0.18688659576879887, 0.18914116745883416, 0.19615084710131517, 0.21947844855610815, 0.2173933287663937, 0.2033132152279581, 0.19421841579576257, 0.21250718815635278, 0.19597335042708283, 0.24284446925362682, 0.21721583209216136, 0.20059433826271117, 0.1914995388305157]",0.26458019212047706,"[('Medizin', 0), ('Landwirtschaft', 1), ('Ernährung', 2), ('Umweltwissenschaften', 3)]"
30,86943,"[0.2030169878569596, 0.21039044994594766, 0.20932688359405782, 0.2158108722698249, 0.2094551953504752, 0.20856572193725426, 0.18628793038581393, 0.193661392474802, 0.20044759155439257, 0.224517720168895, 0.20057590331080996, 0.21727256983632434, 0.18737490036750007, 0.19385888904326712, 0.19522466579898048, 0.21929479441348287, 0.20077339987927512, 0.21835953981801046, 0.22442625658757243, 0.2235367831743515, 0.23227602201905287, 0.24897268854456722, 0.2376964443429301, 0.25528258428166545]",0.25528258428166545,"[('Ernährung', 0), ('Umweltwissenschaften', 1), ('Landwirtschaft', 2), ('Medizin', 3)]"
31,76943,"[0.19253434952718546, 0.19923444961500283, 0.20570550155944356, 0.19128398641367295, 0.19980914561748334, 0.1786875303838954, 0.22771439407390076, 0.2344144941617181, 0.22878969001188265, 0.21520595630773195, 0.2228933340699225, 0.2026095002779544, 0.2495756196265555, 0.23515410448078486, 0.23747976353227931, 0.22389602982812853, 0.2236329443889892, 0.2244707258306091, 0.22287382706527595, 0.20175221183168793, 0.21077797097099976, 0.19049413717903166, 0.2028275077696699, 0.20366528921128976]",0.2495756196265555,"[('Umweltwissenschaften', 0), ('Medizin', 1), ('Landwirtschaft', 2), ('Ernährung', 3)]"
32,66943,"[0.20663551694091914, 0.20783681398025303, 0.21708544293709767, 0.2507802827226092, 0.19850479564549817, 0.2309983383916759, 0.19887810350200383, 0.2000794005413377, 0.24743945057334987, 0.21212517300584316, 0.22885880328175043, 0.1923432286749098, 0.1912244763824376, 0.22491931616794922, 0.2293358974576052, 0.19402161989009847, 0.25369871890836193, 0.1846896015553436, 0.20043143440970587, 0.2329249771558836, 0.23854285548487342, 0.20202728087803284, 0.2814863242272297, 0.21247720687421134]",0.2814863242272297,"[('Ernährung', 0), ('Umweltwissenschaften', 1), ('Medizin', 2), ('Landwirtschaft', 3)]"
33,56943,"[0.2178285180825726, 0.21076545587559062, 0.19908929685677515, 0.2001838172734783, 0.2092714042699977, 0.21742898689368284, 0.22858790335166643, 0.22152484114468443, 0.20644694509727354, 0.2001036976668926, 0.21662905251049613, 0.21734886728709713, 0.24292260592147152, 0.24401712633817466, 0.23952086889287608, 0.23317762146249515, 0.23912133770398636, 0.23168356985690225, 0.2292604278853431, 0.2374180105090282, 0.22585869085674765, 0.22657850563334866, 0.21527705225463534, 0.20783928440755123]",0.24401712633817466,"[('Umweltwissenschaften', 0), ('Medizin', 1), ('Ernährung', 2), ('Landwirtschaft', 3)]"
34,46943,"[0.21812222921342012, 0.21680222142206937, 0.23043132479096798, 0.2082667615774384, 0.22879615952127696, 0.2079516040990981, 0.24572424711119786, 0.24440423931984712, 0.224551422282285, 0.22442665207149304, 0.22291625701259393, 0.22411149459315274, 0.24083446091260233, 0.21866989769907275, 0.20735254050614163, 0.20722777029534967, 0.1971819153918196, 0.21922170839455724, 0.23656339332331444, 0.21571883790113558, 0.20308147291685372, 0.20427671049741253, 0.19454601307222275, 0.2165858060749604]",0.24572424711119786,"[('Landwirtschaft', 0), ('Medizin', 1), ('Umweltwissenschaften', 2), ('Ernährung', 3)]"
35,36943,"[0.24366882866437845, 0.24145118351172373, 0.24964790710633442, 0.2436395577218458, 0.24147888157775046, 0.23768817734591655, 0.2301645992010376, 0.227946954048383, 0.22915089494140742, 0.2334314660428272, 0.22098186941282347, 0.22748008566689795, 0.21270079843154097, 0.2066924490470524, 0.20570801572995473, 0.20998858683137453, 0.1997273644114929, 0.2100162848974013, 0.22480865541342973, 0.22101795118159584, 0.2178158727118435, 0.22431408896591795, 0.22000424692196563, 0.23029316740787398]",0.24964790710633442,"[('Medizin', 0), ('Umweltwissenschaften', 1), ('Landwirtschaft', 2), ('Ernährung', 3)]"
36,26943,"[0.256700931519386, 0.22032102731120856, 0.2948568583373783, 0.2640566408594655, 0.22632828000024235, 0.23190796673050704, 0.20942854784233841, 0.17304864363416098, 0.2507921021480306, 0.2596013445641316, 0.18226352381089475, 0.22745267043517312, 0.20273253543048014, 0.17193231795256736, 0.2059401629181801, 0.21474940533428102, 0.18114719812930113, 0.22075665802331482, 0.19079296043703373, 0.1963726471672984, 0.19400058792473368, 0.23918973454901205, 0.2377362014729906, 0.2773456613670043]",0.2948568583373783,"[('Medizin', 0), ('Umweltwissenschaften', 1), ('Landwirtschaft', 2), ('Ernährung', 3)]"
37,16943,"[0.23731569737731545, 0.2205187350479932, 0.22863734528032068, 0.24229733241968543, 0.23050773102697264, 0.2609646804956597, 0.23211345840640255, 0.2153164960770803, 0.23112602444499392, 0.22793030180876728, 0.23299641019164594, 0.24659764988474153, 0.20911079496902274, 0.22277078210838755, 0.21680171310460894, 0.21360599046838227, 0.24045069622295318, 0.22359498644736173, 0.21687401601679052, 0.24733096548547756, 0.22456493415237672, 0.2381661738454723, 0.24634353152406893, 0.2294878217484775]",0.2609646804956597,"[('Medizin', 0), ('Ernährung', 1), ('Umweltwissenschaften', 2), ('Landwirtschaft', 3)]"
38,6943,"[0.2158424525526223, 0.23913695957571293, 0.21027119921908288, 0.20998705418911018, 0.24705775268220032, 0.22347910062913698, 0.21710488280525958, 0.24039938982835024, 0.24112971155369256, 0.19893485678911502, 0.27791626501681005, 0.21242690322914182, 0.21981620375460123, 0.2195320587246285, 0.24941228583657368, 0.20721743107199606, 0.2570489339130883, 0.21513822417848344, 0.23987282759925277, 0.2162941755461894, 0.26946890968122517, 0.203979547893557, 0.24031900429462238, 0.19840829456001755]",0.27791626501681005,"[('Landwirtschaft', 0), ('Ernährung', 1), ('Medizin', 2), ('Umweltwissenschaften', 3)]"
